../../../.git/annex/objects/Kz/FM/MD5E-s651--cfaf05043d553f00d346a437fc091897.tsv/MD5E-s651--cfaf05043d553f00d346a437fc091897.tsv